%YAML:1.0
---
K1: !!opencv-matrix
   rows: 3
   cols: 3
   dt: d
   data: [ 1., 0., 0., 0., 1., 0., 0., 0., 1. ]
D1: !!opencv-matrix
   rows: 1
   cols: 5
   dt: d
   data: [ 0., 0., 0., 0., 0. ]
K2: !!opencv-matrix
   rows: 3
   cols: 3
   dt: d
   data: [ 1., 0., 0., 0., 1., 0., 0., 0., 1. ]
D2: !!opencv-matrix
   rows: 1
   cols: 5
   dt: d
   data: [ 0., 0., 0., 0., 0. ]
R: !!opencv-matrix
   rows: 3
   cols: 3
   dt: d
   data: [ 9.9730952368921566e-01, -7.3305388107913691e-02,
       -1.8448072487880715e-04, 7.3305381560311980e-02,
       9.9730954034790320e-01, -4.2016081063116085e-05,
       1.8706439206103644e-04, 2.8379607864579944e-05,
       9.9999998210075536e-01 ]
T: !!opencv-matrix
   rows: 3
   cols: 1
   dt: d
   data: [ -7.3617502609487878e-02, -2.3813030371900745e-02,
       -2.0555677737350682e-04 ]
E: !!opencv-matrix
   rows: 3
   cols: 3
   dt: d
   data: [ 1.0613847948022412e-05, 2.0432793069374649e-04,
       -2.3813038582355710e-02, -1.9123251836276661e-04,
       1.7157655199603887e-05, 7.3617539213053487e-02,
       1.8352402859491385e-02, -7.5165061122466639e-02,
       -1.2999261472648978e-06 ]
F: !!opencv-matrix
   rows: 3
   cols: 3
   dt: d
   data: [ -8.1649622713985863e+00, -1.5718426090871509e+02,
       1.8318762671602075e+04, 1.4711029450798287e+02,
       -1.3198946136828122e+01, -5.6632093575429695e+04,
       -1.4118035011531734e+04, 5.7822562674515983e+04, 1. ]
R1: !!opencv-matrix
   rows: 3
   cols: 3
   dt: d
   data: [ 9.7145945789373311e-01, 2.3719281083753818e-01,
       2.4682292847402381e-03, -2.3719268097673296e-01,
       9.7146256231615313e-01, -3.4944127457314420e-04,
       -2.4806773034761732e-03, -2.4597789015029926e-04,
       9.9999689286266957e-01 ]
R2: !!opencv-matrix
   rows: 3
   cols: 3
   dt: d
   data: [ 9.5145780283980286e-01, 3.0776775567616294e-01,
       2.6566861524234958e-03, -3.0776789538518629e-01,
       9.5146139618855952e-01, -3.6624184641299628e-04,
       -2.6404517469248933e-03, -4.6917904333424560e-04,
       9.9999640393633282e-01 ]
P1: !!opencv-matrix
   rows: 3
   cols: 4
   dt: d
   data: [ 1.7447135036662537e-02, 0., 1.0737377302788082e+03, 0., 0.,
       1.7447135036662537e-02, 2.5934676914818920e+02, 0., 0., 0., 1.,
       0. ]
P2: !!opencv-matrix
   rows: 3
   cols: 4
   dt: d
   data: [ 1.7447135036662537e-02, 0., 1.0737377302788082e+03,
       -1.3499437444897898e-03, 0., 1.7447135036662537e-02,
       2.5934676914818920e+02, 0., 0., 0., 1., 0. ]
Q: !!opencv-matrix
   rows: 4
   cols: 4
   dt: d
   data: [ 1., 0., 0., -1.0737377302788082e+03, 0., 1., 0.,
       -2.5934676914818920e+02, 0., 0., 0., 1.7447135036662537e-02, 0.,
       0., 1.2924342297876025e+01, 0. ]
