%YAML:1.0
---
K1: !!opencv-matrix
   rows: 3
   cols: 3
   dt: d
   data: [ 1., 0., 0., 0., 1., 0., 0., 0., 1. ]
D1: !!opencv-matrix
   rows: 1
   cols: 5
   dt: d
   data: [ 0., 0., 0., 0., 0. ]
K2: !!opencv-matrix
   rows: 3
   cols: 3
   dt: d
   data: [ 1., 0., 0., 0., 1., 0., 0., 0., 1. ]
D2: !!opencv-matrix
   rows: 1
   cols: 5
   dt: d
   data: [ 0., 0., 0., 0., 0. ]
R: !!opencv-matrix
   rows: 3
   cols: 3
   dt: d
   data: [ 1.9135028501231589e-02, 9.9981690007212554e-01,
       1.3043934336530344e-04, -9.9981690420710612e-01,
       1.9135016051533234e-02, 9.6033462496627781e-05,
       9.3519919847524590e-05, -1.3225306351225035e-04,
       9.9999998688157576e-01 ]
T: !!opencv-matrix
   rows: 3
   cols: 1
   dt: d
   data: [ 2.3766662622472765e-01, 5.6180108078710556e-01,
       -9.7906133234363572e-05 ]
E: !!opencv-matrix
   rows: 3
   cols: 3
   dt: d
   data: [ -4.5348614987807051e-05, -7.2426478587604863e-05,
       5.6180108281942565e-01, -2.4100000484853039e-05,
       -6.6456067215588728e-05, -2.3766663587772777e-01,
       -2.4837319015823858e-01, -5.5715046034200966e-01,
       -5.0457015043535395e-05 ]
F: !!opencv-matrix
   rows: 3
   cols: 3
   dt: d
   data: [ 8.9875738683073680e-01, 1.4354094970761497e+00,
       -1.1134251249993516e+04, 4.7763428859315282e-01,
       1.3170828111462598e+00, 4.7102793471366449e+03,
       4.9224709377662721e+03, 1.1042081261867914e+04,
       9.9999999999999989e-01 ]
R1: !!opencv-matrix
   rows: 3
   cols: 3
   dt: d
   data: [ 4.0716594865170552e-01, 9.1335419589011424e-01,
       5.5753741215715087e-05, -9.1335419662170925e-01,
       4.0716595027407926e-01, -2.1234832391383570e-05,
       -4.2095948287125225e-05, -4.2276812841636481e-05,
       9.9999999822030117e-01 ]
R2: !!opencv-matrix
   rows: 3
   cols: 3
   dt: d
   data: [ 9.2097810010738568e-01, -3.8961434572618059e-01,
       -2.6962023111372933e-05, 3.8961433686401792e-01,
       9.2097809026576360e-01, -1.6050058765490209e-04,
       8.7364764002645774e-05, 1.3731273552948075e-04,
       9.9999998675630530e-01 ]
P1: !!opencv-matrix
   rows: 3
   cols: 4
   dt: d
   data: [ 1.0017521684797802e+06, 0., -8.0987909067041528e+00, 0., 0.,
       1.0017521684797802e+06, 1.8935351926844237e+02, 0., 0., 0., 1.,
       0. ]
P2: !!opencv-matrix
   rows: 3
   cols: 4
   dt: d
   data: [ 1.0017521684797802e+06, 0., -8.0987909067041528e+00, 0., 0.,
       1.0017521684797802e+06, 1.8935351926844237e+02,
       6.1107365840849269e+05, 0., 0., 1., 0. ]
Q: !!opencv-matrix
   rows: 4
   cols: 4
   dt: d
   data: [ 1., 0., 0., 8.0987909067041528e+00, 0., 1., 0.,
       -1.8935351926844237e+02, 0., 0., 0., 1.0017521684797802e+06, 0.,
       0., -1.6393312896006480e+00, 0. ]
